{
 "cells": [
  {
   "cell_type": "code",
   "execution_count": 1,
   "metadata": {},
   "outputs": [],
   "source": [
    "import numpy as np\n",
    "import pandas as pd\n",
    "\n",
    "# Assuming df is your original DataFrame\n",
    "df = pd.read_excel(r'training model with all logs.xlsx')"
   ]
  },
  {
   "cell_type": "code",
   "execution_count": 31,
   "metadata": {},
   "outputs": [
    {
     "data": {
      "text/html": [
       "<div>\n",
       "<style scoped>\n",
       "    .dataframe tbody tr th:only-of-type {\n",
       "        vertical-align: middle;\n",
       "    }\n",
       "\n",
       "    .dataframe tbody tr th {\n",
       "        vertical-align: top;\n",
       "    }\n",
       "\n",
       "    .dataframe thead th {\n",
       "        text-align: right;\n",
       "    }\n",
       "</style>\n",
       "<table border=\"1\" class=\"dataframe\">\n",
       "  <thead>\n",
       "    <tr style=\"text-align: right;\">\n",
       "      <th></th>\n",
       "      <th>RT</th>\n",
       "      <th>DEN</th>\n",
       "      <th>CNL</th>\n",
       "      <th>AC</th>\n",
       "      <th>GR</th>\n",
       "      <th>TOCmea</th>\n",
       "      <th>S1mea</th>\n",
       "      <th>S2mea</th>\n",
       "    </tr>\n",
       "  </thead>\n",
       "  <tbody>\n",
       "    <tr>\n",
       "      <th>0</th>\n",
       "      <td>2.101</td>\n",
       "      <td>2.483</td>\n",
       "      <td>28.605</td>\n",
       "      <td>98.687</td>\n",
       "      <td>70.315</td>\n",
       "      <td>1.44</td>\n",
       "      <td>2.46</td>\n",
       "      <td>3.24</td>\n",
       "    </tr>\n",
       "    <tr>\n",
       "      <th>1</th>\n",
       "      <td>2.793</td>\n",
       "      <td>2.504</td>\n",
       "      <td>23.828</td>\n",
       "      <td>89.706</td>\n",
       "      <td>66.399</td>\n",
       "      <td>1.45</td>\n",
       "      <td>3.28</td>\n",
       "      <td>4.20</td>\n",
       "    </tr>\n",
       "    <tr>\n",
       "      <th>2</th>\n",
       "      <td>1.751</td>\n",
       "      <td>2.513</td>\n",
       "      <td>22.268</td>\n",
       "      <td>89.514</td>\n",
       "      <td>70.237</td>\n",
       "      <td>1.60</td>\n",
       "      <td>2.69</td>\n",
       "      <td>4.42</td>\n",
       "    </tr>\n",
       "    <tr>\n",
       "      <th>3</th>\n",
       "      <td>3.225</td>\n",
       "      <td>2.490</td>\n",
       "      <td>21.568</td>\n",
       "      <td>89.871</td>\n",
       "      <td>63.177</td>\n",
       "      <td>1.64</td>\n",
       "      <td>2.71</td>\n",
       "      <td>4.79</td>\n",
       "    </tr>\n",
       "    <tr>\n",
       "      <th>4</th>\n",
       "      <td>1.580</td>\n",
       "      <td>2.503</td>\n",
       "      <td>26.715</td>\n",
       "      <td>96.431</td>\n",
       "      <td>69.392</td>\n",
       "      <td>1.77</td>\n",
       "      <td>3.96</td>\n",
       "      <td>5.68</td>\n",
       "    </tr>\n",
       "  </tbody>\n",
       "</table>\n",
       "</div>"
      ],
      "text/plain": [
       "      RT    DEN     CNL      AC      GR  TOCmea  S1mea  S2mea\n",
       "0  2.101  2.483  28.605  98.687  70.315    1.44   2.46   3.24\n",
       "1  2.793  2.504  23.828  89.706  66.399    1.45   3.28   4.20\n",
       "2  1.751  2.513  22.268  89.514  70.237    1.60   2.69   4.42\n",
       "3  3.225  2.490  21.568  89.871  63.177    1.64   2.71   4.79\n",
       "4  1.580  2.503  26.715  96.431  69.392    1.77   3.96   5.68"
      ]
     },
     "execution_count": 31,
     "metadata": {},
     "output_type": "execute_result"
    }
   ],
   "source": [
    "df.head()\n"
   ]
  },
  {
   "cell_type": "code",
   "execution_count": 2,
   "metadata": {},
   "outputs": [
    {
     "data": {
      "text/html": [
       "<div>\n",
       "<style scoped>\n",
       "    .dataframe tbody tr th:only-of-type {\n",
       "        vertical-align: middle;\n",
       "    }\n",
       "\n",
       "    .dataframe tbody tr th {\n",
       "        vertical-align: top;\n",
       "    }\n",
       "\n",
       "    .dataframe thead th {\n",
       "        text-align: right;\n",
       "    }\n",
       "</style>\n",
       "<table border=\"1\" class=\"dataframe\">\n",
       "  <thead>\n",
       "    <tr style=\"text-align: right;\">\n",
       "      <th></th>\n",
       "      <th>RT</th>\n",
       "      <th>DEN</th>\n",
       "      <th>CNL</th>\n",
       "      <th>AC</th>\n",
       "      <th>GR</th>\n",
       "      <th>TOCmea</th>\n",
       "      <th>S1mea</th>\n",
       "      <th>S2mea</th>\n",
       "    </tr>\n",
       "  </thead>\n",
       "  <tbody>\n",
       "    <tr>\n",
       "      <th>count</th>\n",
       "      <td>125.000000</td>\n",
       "      <td>125.000000</td>\n",
       "      <td>125.000000</td>\n",
       "      <td>125.000000</td>\n",
       "      <td>125.000000</td>\n",
       "      <td>125.000000</td>\n",
       "      <td>125.000000</td>\n",
       "      <td>125.000000</td>\n",
       "    </tr>\n",
       "    <tr>\n",
       "      <th>mean</th>\n",
       "      <td>3.773320</td>\n",
       "      <td>2.454968</td>\n",
       "      <td>27.253936</td>\n",
       "      <td>100.059728</td>\n",
       "      <td>73.119920</td>\n",
       "      <td>3.430720</td>\n",
       "      <td>7.088960</td>\n",
       "      <td>12.620320</td>\n",
       "    </tr>\n",
       "    <tr>\n",
       "      <th>std</th>\n",
       "      <td>1.746204</td>\n",
       "      <td>0.060998</td>\n",
       "      <td>4.794873</td>\n",
       "      <td>11.476174</td>\n",
       "      <td>9.242313</td>\n",
       "      <td>1.658545</td>\n",
       "      <td>2.943881</td>\n",
       "      <td>7.578913</td>\n",
       "    </tr>\n",
       "    <tr>\n",
       "      <th>min</th>\n",
       "      <td>1.120000</td>\n",
       "      <td>2.284000</td>\n",
       "      <td>17.565000</td>\n",
       "      <td>78.492000</td>\n",
       "      <td>52.580000</td>\n",
       "      <td>1.440000</td>\n",
       "      <td>2.460000</td>\n",
       "      <td>3.240000</td>\n",
       "    </tr>\n",
       "    <tr>\n",
       "      <th>25%</th>\n",
       "      <td>2.461000</td>\n",
       "      <td>2.422000</td>\n",
       "      <td>23.637000</td>\n",
       "      <td>91.589000</td>\n",
       "      <td>66.310000</td>\n",
       "      <td>2.350000</td>\n",
       "      <td>4.790000</td>\n",
       "      <td>7.390000</td>\n",
       "    </tr>\n",
       "    <tr>\n",
       "      <th>50%</th>\n",
       "      <td>3.486000</td>\n",
       "      <td>2.462000</td>\n",
       "      <td>27.432000</td>\n",
       "      <td>99.456000</td>\n",
       "      <td>74.059000</td>\n",
       "      <td>2.890000</td>\n",
       "      <td>6.340000</td>\n",
       "      <td>10.060000</td>\n",
       "    </tr>\n",
       "    <tr>\n",
       "      <th>75%</th>\n",
       "      <td>4.640000</td>\n",
       "      <td>2.503000</td>\n",
       "      <td>30.203000</td>\n",
       "      <td>105.017000</td>\n",
       "      <td>79.847000</td>\n",
       "      <td>3.900000</td>\n",
       "      <td>8.920000</td>\n",
       "      <td>14.730000</td>\n",
       "    </tr>\n",
       "    <tr>\n",
       "      <th>max</th>\n",
       "      <td>9.299000</td>\n",
       "      <td>2.566000</td>\n",
       "      <td>38.228000</td>\n",
       "      <td>134.016000</td>\n",
       "      <td>94.045000</td>\n",
       "      <td>8.850000</td>\n",
       "      <td>17.940000</td>\n",
       "      <td>36.340000</td>\n",
       "    </tr>\n",
       "  </tbody>\n",
       "</table>\n",
       "</div>"
      ],
      "text/plain": [
       "               RT         DEN         CNL          AC          GR      TOCmea  \\\n",
       "count  125.000000  125.000000  125.000000  125.000000  125.000000  125.000000   \n",
       "mean     3.773320    2.454968   27.253936  100.059728   73.119920    3.430720   \n",
       "std      1.746204    0.060998    4.794873   11.476174    9.242313    1.658545   \n",
       "min      1.120000    2.284000   17.565000   78.492000   52.580000    1.440000   \n",
       "25%      2.461000    2.422000   23.637000   91.589000   66.310000    2.350000   \n",
       "50%      3.486000    2.462000   27.432000   99.456000   74.059000    2.890000   \n",
       "75%      4.640000    2.503000   30.203000  105.017000   79.847000    3.900000   \n",
       "max      9.299000    2.566000   38.228000  134.016000   94.045000    8.850000   \n",
       "\n",
       "            S1mea       S2mea  \n",
       "count  125.000000  125.000000  \n",
       "mean     7.088960   12.620320  \n",
       "std      2.943881    7.578913  \n",
       "min      2.460000    3.240000  \n",
       "25%      4.790000    7.390000  \n",
       "50%      6.340000   10.060000  \n",
       "75%      8.920000   14.730000  \n",
       "max     17.940000   36.340000  "
      ]
     },
     "execution_count": 2,
     "metadata": {},
     "output_type": "execute_result"
    }
   ],
   "source": [
    "df.describe()"
   ]
  },
  {
   "cell_type": "code",
   "execution_count": 3,
   "metadata": {},
   "outputs": [
    {
     "data": {
      "text/html": [
       "<div>\n",
       "<style scoped>\n",
       "    .dataframe tbody tr th:only-of-type {\n",
       "        vertical-align: middle;\n",
       "    }\n",
       "\n",
       "    .dataframe tbody tr th {\n",
       "        vertical-align: top;\n",
       "    }\n",
       "\n",
       "    .dataframe thead th {\n",
       "        text-align: right;\n",
       "    }\n",
       "</style>\n",
       "<table border=\"1\" class=\"dataframe\">\n",
       "  <thead>\n",
       "    <tr style=\"text-align: right;\">\n",
       "      <th></th>\n",
       "      <th>RT</th>\n",
       "      <th>DEN</th>\n",
       "      <th>CNL</th>\n",
       "      <th>AC</th>\n",
       "      <th>GR</th>\n",
       "      <th>TOCmea</th>\n",
       "      <th>S1mea</th>\n",
       "      <th>S2mea</th>\n",
       "    </tr>\n",
       "  </thead>\n",
       "  <tbody>\n",
       "    <tr>\n",
       "      <th>RT</th>\n",
       "      <td>1.000000</td>\n",
       "      <td>-0.310926</td>\n",
       "      <td>0.104536</td>\n",
       "      <td>0.149240</td>\n",
       "      <td>-0.048547</td>\n",
       "      <td>0.615068</td>\n",
       "      <td>0.573705</td>\n",
       "      <td>0.611718</td>\n",
       "    </tr>\n",
       "    <tr>\n",
       "      <th>DEN</th>\n",
       "      <td>-0.310926</td>\n",
       "      <td>1.000000</td>\n",
       "      <td>-0.836608</td>\n",
       "      <td>-0.911378</td>\n",
       "      <td>-0.565657</td>\n",
       "      <td>-0.726897</td>\n",
       "      <td>-0.734330</td>\n",
       "      <td>-0.763170</td>\n",
       "    </tr>\n",
       "    <tr>\n",
       "      <th>CNL</th>\n",
       "      <td>0.104536</td>\n",
       "      <td>-0.836608</td>\n",
       "      <td>1.000000</td>\n",
       "      <td>0.918208</td>\n",
       "      <td>0.673465</td>\n",
       "      <td>0.588232</td>\n",
       "      <td>0.535665</td>\n",
       "      <td>0.644208</td>\n",
       "    </tr>\n",
       "    <tr>\n",
       "      <th>AC</th>\n",
       "      <td>0.149240</td>\n",
       "      <td>-0.911378</td>\n",
       "      <td>0.918208</td>\n",
       "      <td>1.000000</td>\n",
       "      <td>0.609294</td>\n",
       "      <td>0.709943</td>\n",
       "      <td>0.639788</td>\n",
       "      <td>0.742202</td>\n",
       "    </tr>\n",
       "    <tr>\n",
       "      <th>GR</th>\n",
       "      <td>-0.048547</td>\n",
       "      <td>-0.565657</td>\n",
       "      <td>0.673465</td>\n",
       "      <td>0.609294</td>\n",
       "      <td>1.000000</td>\n",
       "      <td>0.251211</td>\n",
       "      <td>0.257407</td>\n",
       "      <td>0.286244</td>\n",
       "    </tr>\n",
       "    <tr>\n",
       "      <th>TOCmea</th>\n",
       "      <td>0.615068</td>\n",
       "      <td>-0.726897</td>\n",
       "      <td>0.588232</td>\n",
       "      <td>0.709943</td>\n",
       "      <td>0.251211</td>\n",
       "      <td>1.000000</td>\n",
       "      <td>0.849372</td>\n",
       "      <td>0.983431</td>\n",
       "    </tr>\n",
       "    <tr>\n",
       "      <th>S1mea</th>\n",
       "      <td>0.573705</td>\n",
       "      <td>-0.734330</td>\n",
       "      <td>0.535665</td>\n",
       "      <td>0.639788</td>\n",
       "      <td>0.257407</td>\n",
       "      <td>0.849372</td>\n",
       "      <td>1.000000</td>\n",
       "      <td>0.869001</td>\n",
       "    </tr>\n",
       "    <tr>\n",
       "      <th>S2mea</th>\n",
       "      <td>0.611718</td>\n",
       "      <td>-0.763170</td>\n",
       "      <td>0.644208</td>\n",
       "      <td>0.742202</td>\n",
       "      <td>0.286244</td>\n",
       "      <td>0.983431</td>\n",
       "      <td>0.869001</td>\n",
       "      <td>1.000000</td>\n",
       "    </tr>\n",
       "  </tbody>\n",
       "</table>\n",
       "</div>"
      ],
      "text/plain": [
       "              RT       DEN       CNL        AC        GR    TOCmea     S1mea  \\\n",
       "RT      1.000000 -0.310926  0.104536  0.149240 -0.048547  0.615068  0.573705   \n",
       "DEN    -0.310926  1.000000 -0.836608 -0.911378 -0.565657 -0.726897 -0.734330   \n",
       "CNL     0.104536 -0.836608  1.000000  0.918208  0.673465  0.588232  0.535665   \n",
       "AC      0.149240 -0.911378  0.918208  1.000000  0.609294  0.709943  0.639788   \n",
       "GR     -0.048547 -0.565657  0.673465  0.609294  1.000000  0.251211  0.257407   \n",
       "TOCmea  0.615068 -0.726897  0.588232  0.709943  0.251211  1.000000  0.849372   \n",
       "S1mea   0.573705 -0.734330  0.535665  0.639788  0.257407  0.849372  1.000000   \n",
       "S2mea   0.611718 -0.763170  0.644208  0.742202  0.286244  0.983431  0.869001   \n",
       "\n",
       "           S2mea  \n",
       "RT      0.611718  \n",
       "DEN    -0.763170  \n",
       "CNL     0.644208  \n",
       "AC      0.742202  \n",
       "GR      0.286244  \n",
       "TOCmea  0.983431  \n",
       "S1mea   0.869001  \n",
       "S2mea   1.000000  "
      ]
     },
     "execution_count": 3,
     "metadata": {},
     "output_type": "execute_result"
    }
   ],
   "source": [
    "df.corr()"
   ]
  },
  {
   "cell_type": "code",
   "execution_count": 38,
   "metadata": {},
   "outputs": [
    {
     "name": "stdout",
     "output_type": "stream",
     "text": [
      "Skewness of Columns:\n",
      " RT        0.999054\n",
      "DEN      -0.801132\n",
      "CNL       0.094889\n",
      "AC        0.713349\n",
      "GR       -0.164279\n",
      "TOCmea    1.606907\n",
      "S1mea     1.096128\n",
      "S2mea     1.521932\n",
      "dtype: float64\n"
     ]
    },
    {
     "name": "stderr",
     "output_type": "stream",
     "text": [
      "c:\\Users\\Asus\\anaconda3\\Lib\\site-packages\\scipy\\stats\\_continuous_distns.py:716: RuntimeWarning: invalid value encountered in sqrt\n",
      "  sk = 2*(b-a)*np.sqrt(a + b + 1) / (a + b + 2) / np.sqrt(a*b)\n",
      "c:\\Users\\Asus\\anaconda3\\Lib\\site-packages\\scipy\\stats\\_continuous_distns.py:716: RuntimeWarning: invalid value encountered in sqrt\n",
      "  sk = 2*(b-a)*np.sqrt(a + b + 1) / (a + b + 2) / np.sqrt(a*b)\n",
      "c:\\Users\\Asus\\anaconda3\\Lib\\site-packages\\scipy\\stats\\_continuous_distns.py:716: RuntimeWarning: invalid value encountered in sqrt\n",
      "  sk = 2*(b-a)*np.sqrt(a + b + 1) / (a + b + 2) / np.sqrt(a*b)\n",
      "c:\\Users\\Asus\\anaconda3\\Lib\\site-packages\\scipy\\stats\\_continuous_distns.py:716: RuntimeWarning: invalid value encountered in sqrt\n",
      "  sk = 2*(b-a)*np.sqrt(a + b + 1) / (a + b + 2) / np.sqrt(a*b)\n",
      "c:\\Users\\Asus\\anaconda3\\Lib\\site-packages\\scipy\\stats\\_continuous_distns.py:716: RuntimeWarning: invalid value encountered in sqrt\n",
      "  sk = 2*(b-a)*np.sqrt(a + b + 1) / (a + b + 2) / np.sqrt(a*b)\n"
     ]
    },
    {
     "name": "stdout",
     "output_type": "stream",
     "text": [
      "Augmented Data Statistics:\n",
      "                RT         DEN         CNL          AC          GR      TOCmea  \\\n",
      "count  500.000000  500.000000  500.000000  500.000000  500.000000  500.000000   \n",
      "mean     3.878128    2.453973   27.084321   99.828796   72.577282    3.439307   \n",
      "std      1.683983    0.062410    5.054168   12.290919    9.686074    1.620790   \n",
      "min      1.120000    2.256877   14.304961   71.445603   46.033014    1.440000   \n",
      "25%      2.507642    2.420924   23.246660   91.579652   65.600178    2.321054   \n",
      "50%      3.588325    2.462903   27.072427   98.830830   73.015115    2.930770   \n",
      "75%      5.007497    2.501307   30.325978  105.656764   79.251091    4.012466   \n",
      "max      9.299000    2.572848   42.350830  138.313231   96.691019   12.003114   \n",
      "\n",
      "            S1mea       S2mea  \n",
      "count  500.000000  500.000000  \n",
      "mean     7.155101   12.929373  \n",
      "std      2.932008    7.950970  \n",
      "min      2.196340    3.146174  \n",
      "25%      4.939229    7.292660  \n",
      "50%      6.598035   10.040097  \n",
      "75%      8.895297   15.655061  \n",
      "max     20.187601   44.837263  \n",
      "Augmented Data Correlation Matrix:\n",
      "               RT       DEN       CNL        AC        GR    TOCmea     S1mea  \\\n",
      "RT      1.000000 -0.244400  0.063049  0.088731 -0.017792  0.514195  0.537227   \n",
      "DEN    -0.244400  1.000000 -0.820727 -0.887473 -0.598068 -0.566751 -0.634464   \n",
      "CNL     0.063049 -0.820727  1.000000  0.919411  0.663230  0.482039  0.469668   \n",
      "AC      0.088731 -0.887473  0.919411  1.000000  0.624051  0.537786  0.534783   \n",
      "GR     -0.017792 -0.598068  0.663230  0.624051  1.000000  0.250011  0.283006   \n",
      "TOCmea  0.514195 -0.566751  0.482039  0.537786  0.250011  1.000000  0.825811   \n",
      "S1mea   0.537227 -0.634464  0.469668  0.534783  0.283006  0.825811  1.000000   \n",
      "S2mea   0.513812 -0.605834  0.525761  0.571626  0.258978  0.961764  0.858392   \n",
      "\n",
      "           S2mea  \n",
      "RT      0.513812  \n",
      "DEN    -0.605834  \n",
      "CNL     0.525761  \n",
      "AC      0.571626  \n",
      "GR      0.258978  \n",
      "TOCmea  0.961764  \n",
      "S1mea   0.858392  \n",
      "S2mea   1.000000  \n"
     ]
    }
   ],
   "source": [
    "import numpy as np\n",
    "import pandas as pd\n",
    "from scipy.stats import skew\n",
    "from copulas.multivariate import GaussianMultivariate\n",
    "\n",
    "# Step 1: Check skewness\n",
    "def check_skewness(data):\n",
    "    skewness = data.skew()\n",
    "    print(\"Skewness of Columns:\\n\", skewness)\n",
    "\n",
    "# Step 2: Apply transformations to skewed data\n",
    "def transform_skewed_columns(df):\n",
    "    transformed_data = df.copy()\n",
    "    for col in df.columns:\n",
    "        if skew(df[col]) > 1:  # Right-skewed\n",
    "            transformed_data[col] = np.log1p(df[col] - df[col].min() + 1)\n",
    "        elif skew(df[col]) < -1:  # Left-skewed\n",
    "            transformed_data[col] = np.log1p(df[col].max() - df[col] + 1)\n",
    "    return transformed_data\n",
    "\n",
    "# Step 3: Fit Gaussian copula for synthetic data generation\n",
    "def augment_data_with_copula(original_df, num_samples):\n",
    "    # Fit the copula\n",
    "    copula = GaussianMultivariate()\n",
    "    copula.fit(original_df)\n",
    "\n",
    "    # Generate synthetic data\n",
    "    synthetic_data = copula.sample(num_samples)\n",
    "\n",
    "    # Convert synthetic data to DataFrame\n",
    "    synthetic_df = pd.DataFrame(synthetic_data, columns=original_df.columns)\n",
    "\n",
    "    # Combine original and synthetic data\n",
    "    augmented_df = pd.concat([original_df, synthetic_df], ignore_index=True)\n",
    "    return augmented_df\n",
    "\n",
    "\n",
    "check_skewness(df)\n",
    "\n",
    "\n",
    "transformed_df = transform_skewed_columns(df)\n",
    "\n",
    "\n",
    "num_new_samples = 375  # Number of synthetic samples to generate\n",
    "augmented_df = augment_data_with_copula(transformed_df, num_new_samples)\n",
    "\n",
    "# Invert transformations (if applied)\n",
    "def invert_transformations(augmented_df, original_df):\n",
    "    for col in original_df.columns:\n",
    "        if skew(original_df[col]) > 1:  # Right-skewed\n",
    "            augmented_df[col] = np.expm1(augmented_df[col]) + original_df[col].min() - 1\n",
    "        elif skew(original_df[col]) < -1:  # Left-skewed\n",
    "            augmented_df[col] = original_df[col].max() - np.expm1(augmented_df[col]) + 1\n",
    "    return augmented_df\n",
    "\n",
    "final_augmented_df = invert_transformations(augmented_df, df)\n",
    "\n",
    "# Save and validate the augmented dataset\n",
    "final_augmented_df.to_csv('augmented_data_with_skewness.csv', index=False)\n",
    "\n",
    "# Display validation results\n",
    "print(\"Augmented Data Statistics:\\n\", final_augmented_df.describe())\n",
    "print(\"Augmented Data Correlation Matrix:\\n\", final_augmented_df.corr())\n",
    "\n"
   ]
  },
  {
   "cell_type": "code",
   "execution_count": 39,
   "metadata": {},
   "outputs": [
    {
     "data": {
      "text/html": [
       "<div>\n",
       "<style scoped>\n",
       "    .dataframe tbody tr th:only-of-type {\n",
       "        vertical-align: middle;\n",
       "    }\n",
       "\n",
       "    .dataframe tbody tr th {\n",
       "        vertical-align: top;\n",
       "    }\n",
       "\n",
       "    .dataframe thead th {\n",
       "        text-align: right;\n",
       "    }\n",
       "</style>\n",
       "<table border=\"1\" class=\"dataframe\">\n",
       "  <thead>\n",
       "    <tr style=\"text-align: right;\">\n",
       "      <th></th>\n",
       "      <th>RT</th>\n",
       "      <th>DEN</th>\n",
       "      <th>CNL</th>\n",
       "      <th>AC</th>\n",
       "      <th>GR</th>\n",
       "      <th>TOCmea</th>\n",
       "      <th>S1mea</th>\n",
       "      <th>S2mea</th>\n",
       "    </tr>\n",
       "  </thead>\n",
       "  <tbody>\n",
       "    <tr>\n",
       "      <th>RT</th>\n",
       "      <td>1.000000</td>\n",
       "      <td>-0.244400</td>\n",
       "      <td>0.063049</td>\n",
       "      <td>0.088731</td>\n",
       "      <td>-0.017792</td>\n",
       "      <td>0.514195</td>\n",
       "      <td>0.537227</td>\n",
       "      <td>0.513812</td>\n",
       "    </tr>\n",
       "    <tr>\n",
       "      <th>DEN</th>\n",
       "      <td>-0.244400</td>\n",
       "      <td>1.000000</td>\n",
       "      <td>-0.820727</td>\n",
       "      <td>-0.887473</td>\n",
       "      <td>-0.598068</td>\n",
       "      <td>-0.566751</td>\n",
       "      <td>-0.634464</td>\n",
       "      <td>-0.605834</td>\n",
       "    </tr>\n",
       "    <tr>\n",
       "      <th>CNL</th>\n",
       "      <td>0.063049</td>\n",
       "      <td>-0.820727</td>\n",
       "      <td>1.000000</td>\n",
       "      <td>0.919411</td>\n",
       "      <td>0.663230</td>\n",
       "      <td>0.482039</td>\n",
       "      <td>0.469668</td>\n",
       "      <td>0.525761</td>\n",
       "    </tr>\n",
       "    <tr>\n",
       "      <th>AC</th>\n",
       "      <td>0.088731</td>\n",
       "      <td>-0.887473</td>\n",
       "      <td>0.919411</td>\n",
       "      <td>1.000000</td>\n",
       "      <td>0.624051</td>\n",
       "      <td>0.537786</td>\n",
       "      <td>0.534783</td>\n",
       "      <td>0.571626</td>\n",
       "    </tr>\n",
       "    <tr>\n",
       "      <th>GR</th>\n",
       "      <td>-0.017792</td>\n",
       "      <td>-0.598068</td>\n",
       "      <td>0.663230</td>\n",
       "      <td>0.624051</td>\n",
       "      <td>1.000000</td>\n",
       "      <td>0.250011</td>\n",
       "      <td>0.283006</td>\n",
       "      <td>0.258978</td>\n",
       "    </tr>\n",
       "    <tr>\n",
       "      <th>TOCmea</th>\n",
       "      <td>0.514195</td>\n",
       "      <td>-0.566751</td>\n",
       "      <td>0.482039</td>\n",
       "      <td>0.537786</td>\n",
       "      <td>0.250011</td>\n",
       "      <td>1.000000</td>\n",
       "      <td>0.825811</td>\n",
       "      <td>0.961764</td>\n",
       "    </tr>\n",
       "    <tr>\n",
       "      <th>S1mea</th>\n",
       "      <td>0.537227</td>\n",
       "      <td>-0.634464</td>\n",
       "      <td>0.469668</td>\n",
       "      <td>0.534783</td>\n",
       "      <td>0.283006</td>\n",
       "      <td>0.825811</td>\n",
       "      <td>1.000000</td>\n",
       "      <td>0.858392</td>\n",
       "    </tr>\n",
       "    <tr>\n",
       "      <th>S2mea</th>\n",
       "      <td>0.513812</td>\n",
       "      <td>-0.605834</td>\n",
       "      <td>0.525761</td>\n",
       "      <td>0.571626</td>\n",
       "      <td>0.258978</td>\n",
       "      <td>0.961764</td>\n",
       "      <td>0.858392</td>\n",
       "      <td>1.000000</td>\n",
       "    </tr>\n",
       "  </tbody>\n",
       "</table>\n",
       "</div>"
      ],
      "text/plain": [
       "              RT       DEN       CNL        AC        GR    TOCmea     S1mea  \\\n",
       "RT      1.000000 -0.244400  0.063049  0.088731 -0.017792  0.514195  0.537227   \n",
       "DEN    -0.244400  1.000000 -0.820727 -0.887473 -0.598068 -0.566751 -0.634464   \n",
       "CNL     0.063049 -0.820727  1.000000  0.919411  0.663230  0.482039  0.469668   \n",
       "AC      0.088731 -0.887473  0.919411  1.000000  0.624051  0.537786  0.534783   \n",
       "GR     -0.017792 -0.598068  0.663230  0.624051  1.000000  0.250011  0.283006   \n",
       "TOCmea  0.514195 -0.566751  0.482039  0.537786  0.250011  1.000000  0.825811   \n",
       "S1mea   0.537227 -0.634464  0.469668  0.534783  0.283006  0.825811  1.000000   \n",
       "S2mea   0.513812 -0.605834  0.525761  0.571626  0.258978  0.961764  0.858392   \n",
       "\n",
       "           S2mea  \n",
       "RT      0.513812  \n",
       "DEN    -0.605834  \n",
       "CNL     0.525761  \n",
       "AC      0.571626  \n",
       "GR      0.258978  \n",
       "TOCmea  0.961764  \n",
       "S1mea   0.858392  \n",
       "S2mea   1.000000  "
      ]
     },
     "execution_count": 39,
     "metadata": {},
     "output_type": "execute_result"
    }
   ],
   "source": [
    "final_augmented_df.corr()"
   ]
  },
  {
   "cell_type": "code",
   "execution_count": 40,
   "metadata": {},
   "outputs": [
    {
     "data": {
