{
 "cells": [
  {
   "cell_type": "code",
   "execution_count": 1,
   "metadata": {},
   "outputs": [],
   "source": [
    "import numpy as np\n",
    "import pandas as pd\n",
    "import matplotlib.pyplot as plt\n",
    "%matplotlib inline\n",
    "import seaborn as sns\n",
    "from sklearn.model_selection import train_test_split\n",
    "from sklearn.neural_network import MLPRegressor\n",
    "from sklearn.metrics import accuracy_score\n",
    "import joblib\n",
    "import math\n",
    "import lasio"
   ]
  },
  {
   "cell_type": "code",
   "execution_count": 2,
   "metadata": {},
   "outputs": [],
   "source": [
    "df=lasio.read(r'C:\\Users\\absid\\Downloads\\RHOB and DRHO prrediction\\15_9-13.las').df()"
   ]
  },
  {
   "cell_type": "code",
   "execution_count": 3,
   "metadata": {},
   "outputs": [
    {
     "data": {
      "text/html": [
       "<div>\n",
       "<style scoped>\n",
       "    .dataframe tbody tr th:only-of-type {\n",
       "        vertical-align: middle;\n",
       "    }\n",
       "\n",
       "    .dataframe tbody tr th {\n",
       "        vertical-align: top;\n",
       "    }\n",
       "\n",
       "    .dataframe thead th {\n",
       "        text-align: right;\n",
       "    }\n",
       "</style>\n",
       "<table border=\"1\" class=\"dataframe\">\n",
       "  <thead>\n",
       "    <tr style=\"text-align: right;\">\n",
       "      <th></th>\n",
       "      <th>FORCE_2020_LITHOFACIES_CONFIDENCE</th>\n",
       "      <th>FORCE_2020_LITHOFACIES_LITHOLOGY</th>\n",
       "      <th>CALI</th>\n",
       "      <th>MUDWEIGHT</th>\n",
       "      <th>ROP</th>\n",
       "      <th>RDEP</th>\n",
       "      <th>RSHA</th>\n",
       "      <th>RMED</th>\n",
       "      <th>RXO</th>\n",
       "      <th>SP</th>\n",
       "      <th>DTC</th>\n",
       "      <th>NPHI</th>\n",
       "      <th>PEF</th>\n",
       "      <th>GR</th>\n",
       "      <th>RHOB</th>\n",
       "      <th>DRHO</th>\n",
       "      <th>DEPTH_MD</th>\n",
       "      <th>X_LOC</th>\n",
       "      <th>Y_LOC</th>\n",
       "      <th>Z_LOC</th>\n",
       "    </tr>\n",
       "    <tr>\n",
       "      <th>DEPT</th>\n",
       "      <th></th>\n",
       "      <th></th>\n",
       "      <th></th>\n",
       "      <th></th>\n",
       "      <th></th>\n",
       "      <th></th>\n",
       "      <th></th>\n",
       "      <th></th>\n",
       "      <th></th>\n",
       "      <th></th>\n",
       "      <th></th>\n",
       "      <th></th>\n",
       "      <th></th>\n",
       "      <th></th>\n",
       "      <th></th>\n",
       "      <th></th>\n",
       "      <th></th>\n",
       "      <th></th>\n",
       "      <th></th>\n",
       "      <th></th>\n",
       "    </tr>\n",
       "  </thead>\n",
       "  <tbody>\n",
       "    <tr>\n",
       "      <th>25.000</th>\n",
       "      <td>NaN</td>\n",
       "      <td>NaN</td>\n",
       "      <td>NaN</td>\n",
       "      <td>NaN</td>\n",
       "      <td>NaN</td>\n",
       "      <td>NaN</td>\n",
       "      <td>NaN</td>\n",
       "      <td>NaN</td>\n",
       "      <td>NaN</td>\n",
       "      <td>NaN</td>\n",
       "      <td>206.224609</td>\n",
       "      <td>NaN</td>\n",
       "      <td>NaN</td>\n",
       "      <td>NaN</td>\n",
       "      <td>NaN</td>\n",
       "      <td>NaN</td>\n",
       "      <td>NaN</td>\n",
       "      <td>NaN</td>\n",
       "      <td>NaN</td>\n",
       "      <td>NaN</td>\n",
       "    </tr>\n",
       "    <tr>\n",
       "      <th>25.152</th>\n",
       "      <td>NaN</td>\n",
       "      <td>NaN</td>\n",
       "      <td>NaN</td>\n",
       "      <td>NaN</td>\n",
       "      <td>NaN</td>\n",
       "      <td>NaN</td>\n",
       "      <td>NaN</td>\n",
       "      <td>NaN</td>\n",
       "      <td>NaN</td>\n",
       "      <td>NaN</td>\n",
       "      <td>206.224625</td>\n",
       "      <td>NaN</td>\n",
       "      <td>NaN</td>\n",
       "      <td>NaN</td>\n",
       "      <td>NaN</td>\n",
       "      <td>NaN</td>\n",
       "      <td>NaN</td>\n",
       "      <td>NaN</td>\n",
       "      <td>NaN</td>\n",
       "      <td>NaN</td>\n",
       "    </tr>\n",
       "    <tr>\n",
       "      <th>25.304</th>\n",
       "      <td>NaN</td>\n",
       "      <td>NaN</td>\n",
       "      <td>NaN</td>\n",
       "      <td>NaN</td>\n",
       "      <td>NaN</td>\n",
       "      <td>NaN</td>\n",
       "      <td>NaN</td>\n",
       "      <td>NaN</td>\n",
       "      <td>NaN</td>\n",
       "      <td>NaN</td>\n",
       "      <td>206.224655</td>\n",
       "      <td>NaN</td>\n",
       "      <td>NaN</td>\n",
       "      <td>NaN</td>\n",
       "      <td>NaN</td>\n",
       "      <td>NaN</td>\n",
       "      <td>NaN</td>\n",
       "      <td>NaN</td>\n",
       "      <td>NaN</td>\n",
       "      <td>NaN</td>\n",
       "    </tr>\n",
       "    <tr>\n",
       "      <th>25.456</th>\n",
       "      <td>NaN</td>\n",
       "      <td>NaN</td>\n",
       "      <td>NaN</td>\n",
       "      <td>NaN</td>\n",
       "      <td>NaN</td>\n",
       "      <td>NaN</td>\n",
       "      <td>NaN</td>\n",
       "      <td>NaN</td>\n",
       "      <td>NaN</td>\n",
       "      <td>NaN</td>\n",
       "      <td>206.224670</td>\n",
       "      <td>NaN</td>\n",
       "      <td>NaN</td>\n",
       "      <td>NaN</td>\n",
       "      <td>NaN</td>\n",
       "      <td>NaN</td>\n",
       "      <td>NaN</td>\n",
       "      <td>NaN</td>\n",
       "      <td>NaN</td>\n",
       "      <td>NaN</td>\n",
       "    </tr>\n",
       "    <tr>\n",
       "      <th>25.608</th>\n",
       "      <td>NaN</td>\n",
       "      <td>NaN</td>\n",
       "      <td>NaN</td>\n",
       "      <td>NaN</td>\n",
       "      <td>NaN</td>\n",
       "      <td>NaN</td>\n",
       "      <td>NaN</td>\n",
       "      <td>NaN</td>\n",
       "      <td>NaN</td>\n",
       "      <td>NaN</td>\n",
       "      <td>206.224701</td>\n",
       "      <td>NaN</td>\n",
       "      <td>NaN</td>\n",
       "      <td>NaN</td>\n",
       "      <td>NaN</td>\n",
       "      <td>NaN</td>\n",
       "      <td>NaN</td>\n",
       "      <td>NaN</td>\n",
       "      <td>NaN</td>\n",
       "      <td>NaN</td>\n",
       "    </tr>\n",
       "  </tbody>\n",
       "</table>\n",
       "</div>"
      ],
      "text/plain": [
       "        FORCE_2020_LITHOFACIES_CONFIDENCE  FORCE_2020_LITHOFACIES_LITHOLOGY  \\\n",
       "DEPT                                                                          \n",
       "25.000                                NaN                               NaN   \n",
       "25.152                                NaN                               NaN   \n",
       "25.304                                NaN                               NaN   \n",
       "25.456                                NaN                               NaN   \n",
       "25.608                                NaN                               NaN   \n",
       "\n",
       "        CALI  MUDWEIGHT  ROP  RDEP  RSHA  RMED  RXO  SP         DTC  NPHI  \\\n",
       "DEPT                                                                        \n",
       "25.000   NaN        NaN  NaN   NaN   NaN   NaN  NaN NaN  206.224609   NaN   \n",
       "25.152   NaN        NaN  NaN   NaN   NaN   NaN  NaN NaN  206.224625   NaN   \n",
       "25.304   NaN        NaN  NaN   NaN   NaN   NaN  NaN NaN  206.224655   NaN   \n",
       "25.456   NaN        NaN  NaN   NaN   NaN   NaN  NaN NaN  206.224670   NaN   \n",
       "25.608   NaN        NaN  NaN   NaN   NaN   NaN  NaN NaN  206.224701   NaN   \n",
       "\n",
       "        PEF  GR  RHOB  DRHO  DEPTH_MD  X_LOC  Y_LOC  Z_LOC  \n",
       "DEPT                                                        \n",
       "25.000  NaN NaN   NaN   NaN       NaN    NaN    NaN    NaN  \n",
       "25.152  NaN NaN   NaN   NaN       NaN    NaN    NaN    NaN  \n",
       "25.304  NaN NaN   NaN   NaN       NaN    NaN    NaN    NaN  \n",
       "25.456  NaN NaN   NaN   NaN       NaN    NaN    NaN    NaN  \n",
       "25.608  NaN NaN   NaN   NaN       NaN    NaN    NaN    NaN  "
      ]
     },
     "execution_count": 3,
     "metadata": {},
     "output_type": "execute_result"
    }
   ],
   "source": [
    "df.head()"
   ]
  },
  {
   "cell_type": "code",
   "execution_count": 4,
   "metadata": {},
   "outputs": [
    {
     "data": {
      "text/plain": [
       "Index(['FORCE_2020_LITHOFACIES_CONFIDENCE', 'FORCE_2020_LITHOFACIES_LITHOLOGY',\n",
       "       'CALI', 'MUDWEIGHT', 'ROP', 'RDEP', 'RSHA', 'RMED', 'RXO', 'SP', 'DTC',\n",
       "       'NPHI', 'PEF', 'GR', 'RHOB', 'DRHO', 'DEPTH_MD', 'X_LOC', 'Y_LOC',\n",
       "       'Z_LOC'],\n",
       "      dtype='object')"
      ]
     },
     "execution_count": 4,
     "metadata": {},
     "output_type": "execute_result"
    }
   ],
   "source": [
    "df.columns"
   ]
  },
  {
   "cell_type": "code",
   "execution_count": 5,
   "metadata": {},
   "outputs": [],
   "source": [
    "df=df.drop(columns=['FORCE_2020_LITHOFACIES_CONFIDENCE', 'FORCE_2020_LITHOFACIES_LITHOLOGY','RDEP', 'RSHA', 'RMED', 'RXO','X_LOC', 'Y_LOC',\n",
    "       'Z_LOC'])"
   ]
  },
  {
   "cell_type": "code",
   "execution_count": 6,
   "metadata": {},
   "outputs": [],
   "source": [
    "df=df.dropna()"
   ]
  },
  {
   "cell_type": "code",
   "execution_count": 7,
   "metadata": {},
   "outputs": [
    {
     "name": "stdout",
     "output_type": "stream",
     "text": [
      "<class 'pandas.core.frame.DataFrame'>\n",
      "Float64Index: 12097 entries, 1138.704 to 2993.864\n",
      "Data columns (total 11 columns):\n",
      " #   Column     Non-Null Count  Dtype  \n",
      "---  ------     --------------  -----  \n",
      " 0   CALI       12097 non-null  float64\n",
      " 1   MUDWEIGHT  12097 non-null  float64\n",
      " 2   ROP        12097 non-null  float64\n",
      " 3   SP         12097 non-null  float64\n",
      " 4   DTC        12097 non-null  float64\n",
      " 5   NPHI       12097 non-null  float64\n",
      " 6   PEF        12097 non-null  float64\n",
      " 7   GR         12097 non-null  float64\n",
      " 8   RHOB       12097 non-null  float64\n",
      " 9   DRHO       12097 non-null  float64\n",
      " 10  DEPTH_MD   12097 non-null  float64\n",
      "dtypes: float64(11)\n",
      "memory usage: 1.1 MB\n"
     ]
    }
   ],
   "source": [
    "df.info()"
   ]
  },
  {
   "cell_type": "code",
   "execution_count": 8,
   "metadata": {},
   "outputs": [],
   "source": [
    "df=df.reset_index()"
   ]
  },
  {
   "cell_type": "code",
   "execution_count": 9,
   "metadata": {},
   "outputs": [
    {
     "data": {
      "text/html": [
       "<div>\n",
       "<style scoped>\n",
       "    .dataframe tbody tr th:only-of-type {\n",
       "        vertical-align: middle;\n",
       "    }\n",
       "\n",
       "    .dataframe tbody tr th {\n",
       "        vertical-align: top;\n",
       "    }\n",
       "\n",
       "    .dataframe thead th {\n",
       "        text-align: right;\n",
       "    }\n",
       "</style>\n",
       "<table border=\"1\" class=\"dataframe\">\n",
       "  <thead>\n",
       "    <tr style=\"text-align: right;\">\n",
       "      <th></th>\n",
       "      <th>DEPT</th>\n",
       "      <th>CALI</th>\n",
       "      <th>MUDWEIGHT</th>\n",
       "      <th>ROP</th>\n",
       "      <th>SP</th>\n",
       "      <th>DTC</th>\n",
       "      <th>NPHI</th>\n",
       "      <th>PEF</th>\n",
       "      <th>GR</th>\n",
       "      <th>RHOB</th>\n",
       "      <th>DRHO</th>\n",
       "      <th>DEPTH_MD</th>\n",
       "    </tr>\n",
       "  </thead>\n",
       "  <tbody>\n",
       "    <tr>\n",
       "      <th>0</th>\n",
       "      <td>1138.704</td>\n",
       "      <td>19.322735</td>\n",
       "      <td>0.131809</td>\n",
       "      <td>84.680267</td>\n",
       "      <td>45.547737</td>\n",
       "      <td>147.837677</td>\n",
       "      <td>0.765867</td>\n",
       "      <td>1.631495</td>\n",
       "      <td>55.892757</td>\n",
       "      <td>1.774626</td>\n",
       "      <td>0.017014</td>\n",
       "      <td>1138.703980</td>\n",
       "    </tr>\n",
       "    <tr>\n",
       "      <th>1</th>\n",
       "      <td>1138.856</td>\n",
       "      <td>18.613674</td>\n",
       "      <td>0.131809</td>\n",
       "      <td>84.598869</td>\n",
       "      <td>45.914387</td>\n",
       "      <td>142.382431</td>\n",
       "      <td>0.800262</td>\n",
       "      <td>1.645080</td>\n",
       "      <td>60.929138</td>\n",
       "      <td>1.800986</td>\n",
       "      <td>0.003747</td>\n",
       "      <td>1138.855957</td>\n",
       "    </tr>\n",
       "    <tr>\n",
       "      <th>2</th>\n",
       "      <td>1139.008</td>\n",
       "      <td>18.212072</td>\n",
       "      <td>0.131809</td>\n",
       "      <td>80.529831</td>\n",
       "      <td>46.039104</td>\n",
       "      <td>138.258331</td>\n",
       "      <td>0.765957</td>\n",
       "      <td>1.645873</td>\n",
       "      <td>62.117264</td>\n",
       "      <td>1.817696</td>\n",
       "      <td>-0.000257</td>\n",
       "      <td>1139.008057</td>\n",
       "    </tr>\n",
       "    <tr>\n",
       "      <th>3</th>\n",
       "      <td>1139.160</td>\n",
       "      <td>18.134182</td>\n",
       "      <td>0.131809</td>\n",
       "      <td>59.596161</td>\n",
       "      <td>46.826984</td>\n",
       "      <td>139.198914</td>\n",
       "      <td>0.702521</td>\n",
       "      <td>1.620216</td>\n",
       "      <td>61.010860</td>\n",
       "      <td>1.829333</td>\n",
       "      <td>0.002608</td>\n",
       "      <td>1139.160034</td>\n",
       "    </tr>\n",
       "    <tr>\n",
       "      <th>4</th>\n",
       "      <td>1139.312</td>\n",
       "      <td>18.033762</td>\n",
       "      <td>0.131809</td>\n",
       "      <td>56.803669</td>\n",
       "      <td>46.950382</td>\n",
       "      <td>144.290085</td>\n",
       "      <td>0.639708</td>\n",
       "      <td>1.504854</td>\n",
       "      <td>58.501236</td>\n",
       "      <td>1.813854</td>\n",
       "      <td>0.005400</td>\n",
       "      <td>1139.312012</td>\n",
       "    </tr>\n",
       "  </tbody>\n",
       "</table>\n",
       "</div>"
      ],
      "text/plain": [
       "       DEPT       CALI  MUDWEIGHT        ROP         SP         DTC      NPHI  \\\n",
       "0  1138.704  19.322735   0.131809  84.680267  45.547737  147.837677  0.765867   \n",
       "1  1138.856  18.613674   0.131809  84.598869  45.914387  142.382431  0.800262   \n",
       "2  1139.008  18.212072   0.131809  80.529831  46.039104  138.258331  0.765957   \n",
       "3  1139.160  18.134182   0.131809  59.596161  46.826984  139.198914  0.702521   \n",
       "4  1139.312  18.033762   0.131809  56.803669  46.950382  144.290085  0.639708   \n",
       "\n",
       "        PEF         GR      RHOB      DRHO     DEPTH_MD  \n",
       "0  1.631495  55.892757  1.774626  0.017014  1138.703980  \n",
       "1  1.645080  60.929138  1.800986  0.003747  1138.855957  \n",
       "2  1.645873  62.117264  1.817696 -0.000257  1139.008057  \n",
       "3  1.620216  61.010860  1.829333  0.002608  1139.160034  \n",
       "4  1.504854  58.501236  1.813854  0.005400  1139.312012  "
      ]
     },
     "execution_count": 9,
     "metadata": {},
     "output_type": "execute_result"
    }
   ],
   "source": [
    "df.head()"
   ]
  },
  {
   "cell_type": "code",
   "execution_count": 10,
   "metadata": {},
   "outputs": [],
   "source": [
    "df=df.drop(columns=['DEPTH_MD'])"
   ]
  },
  {
   "cell_type": "code",
   "execution_count": 11,
   "metadata": {},
   "outputs": [
    {
     "data": {
      "text/html": [
       "<div>\n",
       "<style scoped>\n",
       "    .dataframe tbody tr th:only-of-type {\n",
       "        vertical-align: middle;\n",
       "    }\n",
       "\n",
       "    .dataframe tbody tr th {\n",
       "        vertical-align: top;\n",
       "    }\n",
       "\n",
       "    .dataframe thead th {\n",
       "        text-align: right;\n",
       "    }\n",
       "</style>\n",
       "<table border=\"1\" class=\"dataframe\">\n",
       "  <thead>\n",
       "    <tr style=\"text-align: right;\">\n",
       "      <th></th>\n",
       "      <th>count</th>\n",
       "      <th>mean</th>\n",
       "      <th>std</th>\n",
       "      <th>min</th>\n",
       "      <th>25%</th>\n",
       "      <th>50%</th>\n",
       "      <th>75%</th>\n",
       "      <th>max</th>\n",
       "    </tr>\n",
       "  </thead>\n",
       "  <tbody>\n",
       "    <tr>\n",
       "      <th>DEPT</th>\n",
       "      <td>12097.0</td>\n",
       "      <td>2066.415601</td>\n",
       "      <td>535.562821</td>\n",
       "      <td>1138.704000</td>\n",
       "      <td>1607.320000</td>\n",
       "      <td>2066.968000</td>\n",
       "      <td>2526.616000</td>\n",
       "      <td>2993.864000</td>\n",
       "    </tr>\n",
       "    <tr>\n",
       "      <th>CALI</th>\n",
       "      <td>12097.0</td>\n",
       "      <td>13.734572</td>\n",
       "      <td>3.435240</td>\n",
       "      <td>8.186605</td>\n",
       "      <td>12.237584</td>\n",
       "      <td>13.343526</td>\n",
       "      <td>14.934777</td>\n",
       "      <td>23.329569</td>\n",
       "    </tr>\n",
       "    <tr>\n",
       "      <th>MUDWEIGHT</th>\n",
       "      <td>12097.0</td>\n",
       "      <td>0.140055</td>\n",
       "      <td>0.007822</td>\n",
       "      <td>0.131809</td>\n",
       "      <td>0.135404</td>\n",
       "      <td>0.136602</td>\n",
       "      <td>0.143792</td>\n",
       "      <td>0.156973</td>\n",
       "    </tr>\n",
       "    <tr>\n",
       "      <th>ROP</th>\n",
       "      <td>12097.0</td>\n",
       "      <td>25.685723</td>\n",
       "      <td>29.636481</td>\n",
       "      <td>0.138586</td>\n",
       "      <td>4.494784</td>\n",
       "      <td>29.946920</td>\n",
       "      <td>39.327724</td>\n",
       "      <td>1083.425415</td>\n",
       "    </tr>\n",
       "    <tr>\n",
       "      <th>SP</th>\n",
       "      <td>12097.0</td>\n",
       "      <td>74.095070</td>\n",
       "      <td>22.601568</td>\n",
       "      <td>35.847466</td>\n",
       "      <td>57.253933</td>\n",
       "      <td>64.793503</td>\n",
       "      <td>88.027596</td>\n",
       "      <td>134.997940</td>\n",
       "    </tr>\n",
       "    <tr>\n",
       "      <th>DTC</th>\n",
       "      <td>12097.0</td>\n",
       "      <td>121.553370</td>\n",
       "      <td>30.284184</td>\n",
       "      <td>55.726753</td>\n",
       "      <td>90.053207</td>\n",
       "      <td>138.616379</td>\n",
       "      <td>146.256546</td>\n",
       "      <td>163.910797</td>\n",
       "    </tr>\n",
       "    <tr>\n",
       "      <th>NPHI</th>\n",
       "      <td>12097.0</td>\n",
       "      <td>0.415582</td>\n",
       "      <td>0.138671</td>\n",
       "      <td>0.037976</td>\n",
       "      <td>0.314568</td>\n",
       "      <td>0.467966</td>\n",
       "      <td>0.514173</td>\n",
       "      <td>0.800262</td>\n",
       "    </tr>\n",
       "    <tr>\n",
       "      <th>PEF</th>\n",
       "      <td>12097.0</td>\n",
       "      <td>3.914815</td>\n",
       "      <td>1.820981</td>\n",
       "      <td>1.126667</td>\n",
       "      <td>2.631487</td>\n",
       "      <td>3.367436</td>\n",
       "      <td>4.683676</td>\n",
       "      <td>17.026619</td>\n",
       "    </tr>\n",
       "    <tr>\n",
       "      <th>GR</th>\n",
       "      <td>12097.0</td>\n",
       "      <td>61.426373</td>\n",
       "      <td>29.896585</td>\n",
       "      <td>6.191506</td>\n",
       "      <td>42.906895</td>\n",
       "      <td>63.099358</td>\n",
       "      <td>77.874214</td>\n",
       "      <td>499.022583</td>\n",
       "    </tr>\n",
       "    <tr>\n",
       "      <th>RHOB</th>\n",
       "      <td>12097.0</td>\n",
       "      <td>2.148925</td>\n",
       "      <td>0.251237</td>\n",
       "      <td>1.493417</td>\n",
       "      <td>1.982761</td>\n",
       "      <td>2.059197</td>\n",
       "      <td>2.384051</td>\n",
       "      <td>2.889454</td>\n",
       "    </tr>\n",
       "    <tr>\n",
       "      <th>DRHO</th>\n",
       "      <td>12097.0</td>\n",
       "      <td>0.008372</td>\n",
       "      <td>0.029555</td>\n",
       "      <td>-0.034348</td>\n",
       "      <td>-0.008276</td>\n",
       "      <td>-0.001281</td>\n",
       "      <td>0.010865</td>\n",
       "      <td>0.210927</td>\n",
       "    </tr>\n",
       "  </tbody>\n",
       "</table>\n",
       "</div>"
      ],
      "text/plain": [
       "             count         mean         std          min          25%  \\\n",
       "DEPT       12097.0  2066.415601  535.562821  1138.704000  1607.320000   \n",
       "CALI       12097.0    13.734572    3.435240     8.186605    12.237584   \n",
       "MUDWEIGHT  12097.0     0.140055    0.007822     0.131809     0.135404   \n",
       "ROP        12097.0    25.685723   29.636481     0.138586     4.494784   \n",
       "SP         12097.0    74.095070   22.601568    35.847466    57.253933   \n",
       "DTC        12097.0   121.553370   30.284184    55.726753    90.053207   \n",
       "NPHI       12097.0     0.415582    0.138671     0.037976     0.314568   \n",
       "PEF        12097.0     3.914815    1.820981     1.126667     2.631487   \n",
       "GR         12097.0    61.426373   29.896585     6.191506    42.906895   \n",
       "RHOB       12097.0     2.148925    0.251237     1.493417     1.982761   \n",
       "DRHO       12097.0     0.008372    0.029555    -0.034348    -0.008276   \n",
       "\n",
       "                   50%          75%          max  \n",
       "DEPT       2066.968000  2526.616000  2993.864000  \n",
       "CALI         13.343526    14.934777    23.329569  \n",
       "MUDWEIGHT     0.136602     0.143792     0.156973  \n",
       "ROP          29.946920    39.327724  1083.425415  \n",
       "SP           64.793503    88.027596   134.997940  \n",
       "DTC         138.616379   146.256546   163.910797  \n",
       "NPHI          0.467966     0.514173     0.800262  \n",
       "PEF           3.367436     4.683676    17.026619  \n",
       "GR           63.099358    77.874214   499.022583  \n",
       "RHOB          2.059197     2.384051     2.889454  \n",
       "DRHO         -0.001281     0.010865     0.210927  "
      ]
     },
     "execution_count": 11,
     "metadata": {},
     "output_type": "execute_result"
    }
   ],
   "source": [
    "df.describe().transpose()"
   ]
  },
  {
   "cell_type": "code",
   "execution_count": 12,
   "metadata": {},
   "outputs": [
    {
     "data": {
      "text/html": [
       "<div>\n",
       "<style scoped>\n",
       "    .dataframe tbody tr th:only-of-type {\n",
       "        vertical-align: middle;\n",
       "    }\n",
       "\n",
       "    .dataframe tbody tr th {\n",
       "        vertical-align: top;\n",
       "    }\n",
       "\n",
       "    .dataframe thead th {\n",
       "        text-align: right;\n",
       "    }\n",
       "</style>\n",
       "<table border=\"1\" class=\"dataframe\">\n",
       "  <thead>\n",
       "    <tr style=\"text-align: right;\">\n",
       "      <th></th>\n",
       "      <th>DEPT</th>\n",
       "      <th>CALI</th>\n",
       "      <th>MUDWEIGHT</th>\n",
       "      <th>ROP</th>\n",
       "      <th>SP</th>\n",
       "      <th>DTC</th>\n",
       "      <th>NPHI</th>\n",
       "      <th>PEF</th>\n",
       "      <th>GR</th>\n",
       "      <th>RHOB</th>\n",
       "      <th>DRHO</th>\n",
       "    </tr>\n",
       "  </thead>\n",
       "  <tbody>\n",
       "    <tr>\n",
       "      <th>DEPT</th>\n",
       "      <td>1.000000</td>\n",
       "      <td>-0.460703</td>\n",
       "      <td>0.815180</td>\n",
       "      <td>-0.501907</td>\n",
       "      <td>0.917646</td>\n",
       "      <td>-0.810985</td>\n",
       "      <td>-0.681476</td>\n",
       "      <td>0.442268</td>\n",
       "      <td>-0.076846</td>\n",
       "      <td>0.803250</td>\n",
       "      <td>0.259505</td>\n",
       "    </tr>\n",
       "    <tr>\n",
       "      <th>CALI</th>\n",
       "      <td>-0.460703</td>\n",
       "      <td>1.000000</td>\n",
       "      <td>-0.642127</td>\n",
       "      <td>0.362781</td>\n",
       "      <td>-0.596699</td>\n",
       "      <td>0.503872</td>\n",
       "      <td>0.526807</td>\n",
       "      <td>0.007832</td>\n",
       "      <td>-0.261430</td>\n",
       "      <td>-0.580553</td>\n",
       "      <td>-0.075363</td>\n",
       "    </tr>\n",
       "    <tr>\n",
       "      <th>MUDWEIGHT</th>\n",
       "      <td>0.815180</td>\n",
       "      <td>-0.642127</td>\n",
       "      <td>1.000000</td>\n",
       "      <td>-0.457016</td>\n",
       "      <td>0.909775</td>\n",
       "      <td>-0.725381</td>\n",
       "      <td>-0.643840</td>\n",
       "      <td>0.360190</td>\n",
       "      <td>0.196466</td>\n",
       "      <td>0.751895</td>\n",
       "      <td>0.194523</td>\n",
       "    </tr>\n",
       "    <tr>\n",
       "      <th>ROP</th>\n",
       "      <td>-0.501907</td>\n",
       "      <td>0.362781</td>\n",
       "      <td>-0.457016</td>\n",
       "      <td>1.000000</td>\n",
       "      <td>-0.497632</td>\n",
       "      <td>0.510632</td>\n",
       "      <td>0.450196</td>\n",
       "      <td>-0.260943</td>\n",
       "      <td>0.049798</td>\n",
       "      <td>-0.460195</td>\n",
       "      <td>-0.078534</td>\n",
       "    </tr>\n",
       "    <tr>\n",
       "      <th>SP</th>\n",
       "      <td>0.917646</td>\n",
       "      <td>-0.596699</td>\n",
       "      <td>0.909775</td>\n",
       "      <td>-0.497632</td>\n",
       "      <td>1.000000</td>\n",
       "      <td>-0.780342</td>\n",
       "      <td>-0.667897</td>\n",
       "      <td>0.401782</td>\n",
       "      <td>0.132257</td>\n",
       "      <td>0.802973</td>\n",
       "      <td>0.250963</td>\n",
       "    </tr>\n",
       "    <tr>\n",
       "      <th>DTC</th>\n",
       "      <td>-0.810985</td>\n",
       "      <td>0.503872</td>\n",
       "      <td>-0.725381</td>\n",
       "      <td>0.510632</td>\n",
       "      <td>-0.780342</td>\n",
       "      <td>1.000000</td>\n",
       "      <td>0.906907</td>\n",
       "      <td>-0.381615</td>\n",
       "      <td>0.327219</td>\n",
       "      <td>-0.889345</td>\n",
       "      <td>-0.071019</td>\n",
       "    </tr>\n",
       "    <tr>\n",
       "      <th>NPHI</th>\n",
       "      <td>-0.681476</td>\n",
       "      <td>0.526807</td>\n",
       "      <td>-0.643840</td>\n",
       "      <td>0.450196</td>\n",
       "      <td>-0.667897</td>\n",
       "      <td>0.906907</td>\n",
       "      <td>1.000000</td>\n",
       "      <td>-0.256342</td>\n",
       "      <td>0.357256</td>\n",
       "      <td>-0.869968</td>\n",
       "      <td>0.061430</td>\n",
       "    </tr>\n",
       "    <tr>\n",
       "      <th>PEF</th>\n",
       "      <td>0.442268</td>\n",
       "      <td>0.007832</td>\n",
       "      <td>0.360190</td>\n",
       "      <td>-0.260943</td>\n",
       "      <td>0.401782</td>\n",
       "      <td>-0.381615</td>\n",
       "      <td>-0.256342</td>\n",
       "      <td>1.000000</td>\n",
       "      <td>-0.186976</td>\n",
       "      <td>0.202818</td>\n",
       "      <td>0.330978</td>\n",
       "    </tr>\n",
       "    <tr>\n",
       "      <th>GR</th>\n",
       "      <td>-0.076846</td>\n",
       "      <td>-0.261430</td>\n",
       "      <td>0.196466</td>\n",
       "      <td>0.049798</td>\n",
       "      <td>0.132257</td>\n",
       "      <td>0.327219</td>\n",
       "      <td>0.357256</td>\n",
       "      <td>-0.186976</td>\n",
       "      <td>1.000000</td>\n",
       "      <td>-0.131954</td>\n",
       "      <td>0.252986</td>\n",
       "    </tr>\n",
       "    <tr>\n",
       "      <th>RHOB</th>\n",
       "      <td>0.803250</td>\n",
       "      <td>-0.580553</td>\n",
       "      <td>0.751895</td>\n",
       "      <td>-0.460195</td>\n",
       "      <td>0.802973</td>\n",
       "      <td>-0.889345</td>\n",
       "      <td>-0.869968</td>\n",
       "      <td>0.202818</td>\n",
       "      <td>-0.131954</td>\n",
       "      <td>1.000000</td>\n",
       "      <td>0.048746</td>\n",
       "    </tr>\n",
       "    <tr>\n",
       "      <th>DRHO</th>\n",
       "      <td>0.259505</td>\n",
       "      <td>-0.075363</td>\n",
       "      <td>0.194523</td>\n",
       "      <td>-0.078534</td>\n",
       "      <td>0.250963</td>\n",
       "      <td>-0.071019</td>\n",
       "      <td>0.061430</td>\n",
       "      <td>0.330978</td>\n",
       "      <td>0.252986</td>\n",
       "      <td>0.048746</td>\n",
       "      <td>1.000000</td>\n",
       "    </tr>\n",
       "  </tbody>\n",
       "</table>\n",
       "</div>"
      ],
      "text/plain": [
       "               DEPT      CALI  MUDWEIGHT       ROP        SP       DTC  \\\n",
       "DEPT       1.000000 -0.460703   0.815180 -0.501907  0.917646 -0.810985   \n",
       "CALI      -0.460703  1.000000  -0.642127  0.362781 -0.596699  0.503872   \n",
       "MUDWEIGHT  0.815180 -0.642127   1.000000 -0.457016  0.909775 -0.725381   \n",
       "ROP       -0.501907  0.362781  -0.457016  1.000000 -0.497632  0.510632   \n",
       "SP         0.917646 -0.596699   0.909775 -0.497632  1.000000 -0.780342   \n",
       "DTC       -0.810985  0.503872  -0.725381  0.510632 -0.780342  1.000000   \n",
       "NPHI      -0.681476  0.526807  -0.643840  0.450196 -0.667897  0.906907   \n",
       "PEF        0.442268  0.007832   0.360190 -0.260943  0.401782 -0.381615   \n",
       "GR        -0.076846 -0.261430   0.196466  0.049798  0.132257  0.327219   \n",
       "RHOB       0.803250 -0.580553   0.751895 -0.460195  0.802973 -0.889345   \n",
       "DRHO       0.259505 -0.075363   0.194523 -0.078534  0.250963 -0.071019   \n",
       "\n",
       "               NPHI       PEF        GR      RHOB      DRHO  \n",
       "DEPT      -0.681476  0.442268 -0.076846  0.803250  0.259505  \n",
       "CALI       0.526807  0.007832 -0.261430 -0.580553 -0.075363  \n",
       "MUDWEIGHT -0.643840  0.360190  0.196466  0.751895  0.194523  \n",
       "ROP        0.450196 -0.260943  0.049798 -0.460195 -0.078534  \n",
       "SP        -0.667897  0.401782  0.132257  0.802973  0.250963  \n",
       "DTC        0.906907 -0.381615  0.327219 -0.889345 -0.071019  \n",
       "NPHI       1.000000 -0.256342  0.357256 -0.869968  0.061430  \n",
       "PEF       -0.256342  1.000000 -0.186976  0.202818  0.330978  \n",
       "GR         0.357256 -0.186976  1.000000 -0.131954  0.252986  \n",
       "RHOB      -0.869968  0.202818 -0.131954  1.000000  0.048746  \n",
       "DRHO       0.061430  0.330978  0.252986  0.048746  1.000000  "
      ]
     },
     "execution_count": 12,
     "metadata": {},
     "output_type": "execute_result"
    }
   ],
   "source": [
    "df.corr().transpose()"
   ]
  },
  {
   "cell_type": "code",
   "execution_count": 13,
   "metadata": {},
   "outputs": [],
   "source": [
    "df=df.drop(columns=['MUDWEIGHT'])"
   ]
  },
  {
   "cell_type": "code",
   "execution_count": 14,
   "metadata": {},
   "outputs": [
    {
     "data": {
      "text/html": [
       "<div>\n",
       "<style scoped>\n",
       "    .dataframe tbody tr th:only-of-type {\n",
       "        vertical-align: middle;\n",
       "    }\n",
       "\n",
       "    .dataframe tbody tr th {\n",
       "        vertical-align: top;\n",
       "    }\n",
       "\n",
       "    .dataframe thead th {\n",
       "        text-align: right;\n",
       "    }\n",
       "</style>\n",
       "<table border=\"1\" class=\"dataframe\">\n",
       "  <thead>\n",
       "    <tr style=\"text-align: right;\">\n",
       "      <th></th>\n",
       "      <th>DEPT</th>\n",
       "      <th>CALI</th>\n",
       "      <th>ROP</th>\n",
       "      <th>SP</th>\n",
       "      <th>DTC</th>\n",
       "      <th>NPHI</th>\n",
       "      <th>PEF</th>\n",
       "      <th>GR</th>\n",
       "      <th>RHOB</th>\n",
       "      <th>DRHO</th>\n",
       "    </tr>\n",
       "  </thead>\n",
       "  <tbody>\n",
       "    <tr>\n",
       "      <th>DEPT</th>\n",
       "      <td>1.000000</td>\n",
       "      <td>-0.460703</td>\n",
       "      <td>-0.501907</td>\n",
       "      <td>0.917646</td>\n",
       "      <td>-0.810985</td>\n",
       "      <td>-0.681476</td>\n",
       "      <td>0.442268</td>\n",
       "      <td>-0.076846</td>\n",
       "      <td>0.803250</td>\n",
       "      <td>0.259505</td>\n",
       "    </tr>\n",
       "    <tr>\n",
       "      <th>CALI</th>\n",
       "      <td>-0.460703</td>\n",
       "      <td>1.000000</td>\n",
       "      <td>0.362781</td>\n",
       "      <td>-0.596699</td>\n",
       "      <td>0.503872</td>\n",
       "      <td>0.526807</td>\n",
       "      <td>0.007832</td>\n",
       "      <td>-0.261430</td>\n",
       "      <td>-0.580553</td>\n",
       "      <td>-0.075363</td>\n",
       "    </tr>\n",
       "    <tr>\n",
       "      <th>ROP</th>\n",
       "      <td>-0.501907</td>\n",
       "      <td>0.362781</td>\n",
       "      <td>1.000000</td>\n",
       "      <td>-0.497632</td>\n",
       "      <td>0.510632</td>\n",
       "      <td>0.450196</td>\n",
       "      <td>-0.260943</td>\n",
       "      <td>0.049798</td>\n",
       "      <td>-0.460195</td>\n",
       "      <td>-0.078534</td>\n",
       "    </tr>\n",
       "    <tr>\n",
       "      <th>SP</th>\n",
       "      <td>0.917646</td>\n",
       "      <td>-0.596699</td>\n",
       "      <td>-0.497632</td>\n",
       "      <td>1.000000</td>\n",
       "      <td>-0.780342</td>\n",
       "      <td>-0.667897</td>\n",
       "      <td>0.401782</td>\n",
       "      <td>0.132257</td>\n",
       "      <td>0.802973</td>\n",
       "      <td>0.250963</td>\n",
       "    </tr>\n",
       "    <tr>\n",
       "      <th>DTC</th>\n",
       "      <td>-0.810985</td>\n",
       "      <td>0.503872</td>\n",
       "      <td>0.510632</td>\n",
       "      <td>-0.780342</td>\n",
       "      <td>1.000000</td>\n",
       "      <td>0.906907</td>\n",
       "      <td>-0.381615</td>\n",
       "      <td>0.327219</td>\n",
       "      <td>-0.889345</td>\n",
       "      <td>-0.071019</td>\n",
       "    </tr>\n",
       "    <tr>\n",
       "      <th>NPHI</th>\n",
       "      <td>-0.681476</td>\n",
       "      <td>0.526807</td>\n",
       "      <td>0.450196</td>\n",
       "      <td>-0.667897</td>\n",
       "      <td>0.906907</td>\n",
       "      <td>1.000000</td>\n",
       "      <td>-0.256342</td>\n",
       "      <td>0.357256</td>\n",
       "      <td>-0.869968</td>\n",
       "      <td>0.061430</td>\n",
       "    </tr>\n",
       "    <tr>\n",
       "      <th>PEF</th>\n",
       "      <td>0.442268</td>\n",
       "      <td>0.007832</td>\n",
       "      <td>-0.260943</td>\n",
       "      <td>0.401782</td>\n",
       "      <td>-0.381615</td>\n",
       "      <td>-0.256342</td>\n",
       "      <td>1.000000</td>\n",
       "      <td>-0.186976</td>\n",
       "      <td>0.202818</td>\n",
       "      <td>0.330978</td>\n",
       "    </tr>\n",
       "    <tr>\n",
       "      <th>GR</th>\n",
       "      <td>-0.076846</td>\n",
       "      <td>-0.261430</td>\n",
       "      <td>0.049798</td>\n",
       "      <td>0.132257</td>\n",
       "      <td>0.327219</td>\n",
       "      <td>0.357256</td>\n",
       "      <td>-0.186976</td>\n",
       "      <td>1.000000</td>\n",
       "      <td>-0.131954</td>\n",
       "      <td>0.252986</td>\n",
       "    </tr>\n",
       "    <tr>\n",
       "      <th>RHOB</th>\n",
       "      <td>0.803250</td>\n",
       "      <td>-0.580553</td>\n",
       "      <td>-0.460195</td>\n",
       "      <td>0.802973</td>\n",
       "      <td>-0.889345</td>\n",
       "      <td>-0.869968</td>\n",
       "      <td>0.202818</td>\n",
       "      <td>-0.131954</td>\n",
       "      <td>1.000000</td>\n",
       "      <td>0.048746</td>\n",
       "    </tr>\n",
       "    <tr>\n",
       "      <th>DRHO</th>\n",
       "      <td>0.259505</td>\n",
       "      <td>-0.075363</td>\n",
       "      <td>-0.078534</td>\n",
       "      <td>0.250963</td>\n",
       "      <td>-0.071019</td>\n",
       "      <td>0.061430</td>\n",
       "      <td>0.330978</td>\n",
       "      <td>0.252986</td>\n",
       "      <td>0.048746</td>\n",
       "      <td>1.000000</td>\n",
       "    </tr>\n",
       "  </tbody>\n",
       "</table>\n",
       "</div>"
      ],
      "text/plain": [
       "          DEPT      CALI       ROP        SP       DTC      NPHI       PEF  \\\n",
       "DEPT  1.000000 -0.460703 -0.501907  0.917646 -0.810985 -0.681476  0.442268   \n",
       "CALI -0.460703  1.000000  0.362781 -0.596699  0.503872  0.526807  0.007832   \n",
       "ROP  -0.501907  0.362781  1.000000 -0.497632  0.510632  0.450196 -0.260943   \n",
       "SP    0.917646 -0.596699 -0.497632  1.000000 -0.780342 -0.667897  0.401782   \n",
       "DTC  -0.810985  0.503872  0.510632 -0.780342  1.000000  0.906907 -0.381615   \n",
       "NPHI -0.681476  0.526807  0.450196 -0.667897  0.906907  1.000000 -0.256342   \n",
       "PEF   0.442268  0.007832 -0.260943  0.401782 -0.381615 -0.256342  1.000000   \n",
       "GR   -0.076846 -0.261430  0.049798  0.132257  0.327219  0.357256 -0.186976   \n",
       "RHOB  0.803250 -0.580553 -0.460195  0.802973 -0.889345 -0.869968  0.202818   \n",
       "DRHO  0.259505 -0.075363 -0.078534  0.250963 -0.071019  0.061430  0.330978   \n",
       "\n",
       "            GR      RHOB      DRHO  \n",
       "DEPT -0.076846  0.803250  0.259505  \n",
       "CALI -0.261430 -0.580553 -0.075363  \n",
       "ROP   0.049798 -0.460195 -0.078534  \n",
       "SP    0.132257  0.802973  0.250963  \n",
       "DTC   0.327219 -0.889345 -0.071019  \n",
       "NPHI  0.357256 -0.869968  0.061430  \n",
       "PEF  -0.186976  0.202818  0.330978  \n",
       "GR    1.000000 -0.131954  0.252986  \n",
       "RHOB -0.131954  1.000000  0.048746  \n",
       "DRHO  0.252986  0.048746  1.000000  "
      ]
     },
     "execution_count": 14,
     "metadata": {},
     "output_type": "execute_result"
    }
   ],
   "source": [
    "df.corr().transpose()"
   ]
  },
  {
   "cell_type": "code",
   "execution_count": 15,
   "metadata": {},
   "outputs": [
    {
     "data": {
      "text/plain": [
       "<seaborn.axisgrid.PairGrid at 0x2a475049b10>"
      ]
     },
     "execution_count": 15,
     "metadata": {},
     "output_type": "execute_result"
    },
    {
     "data": {
